Time taken = 24ms
(93,15)
(15,32)
(12,32)
(12,1)
(1,94)
(90,94)
(90,41)
(95,41)
(95,2)
(44,2)
(8,44)
(75,8)
(75,80)
(23,80)
(100,23)
(100,83)
(83,60)
(60,11)
(11,77)
(66,77)
(66,38)
(38,86)
(84,86)
(7,84)
(7,8)
(8,86)
(42,86)
(71,42)
(35,71)
(35,22)
(37,22)
(37,54)
(89,54)
(89,40)
(7,40)
(43,7)
(43,99)
(99,92)
(92,79)
(64,79)
(64,10)
(10,31)
(15,31)
(15,80)
(5,80)
(5,16)
(26,16)
(26,94)
(40,94)
(76,40)
(91,76)
(49,91)
(70,49)
(70,62)
(62,87)
(84,87)
(56,84)
(56,50)
(50,47)
(30,47)
(30,3)
(52,3)
(52,21)
(77,21)
(5,77)
(5,95)
(95,92)
(45,92)
(45,2)
(53,2)
(100,53)
(100,97)
(24,97)
(19,24)
(19,36)
(62,36)
(19,62)
(39,19)
(39,53)
(53,58)
(58,98)
(59,98)
(66,59)
(66,48)
(48,29)
(29,78)
(82,78)
(25,82)
(25,63)
(91,63)
(26,91)
(26,63)
(63,79)
(31,79)
(31,88)
(83,88)
(83,97)
(76,97)
(74,76)
(74,85)
(78,85)
(30,78)
(30,51)
(76,51)
(76,4)
(58,4)
(91,58)
(14,91)
(14,50)
(11,50)
(70,11)
(70,87)
(81,87)
(81,62)
(62,13)
(82,13)
(28,82)
(20,28)
(20,72)
(69,72)
(96,69)
(30,96)
(74,30)
(74,93) /// Check Here
(20,38)
(38,59)
(24,59)
(75,24)
(75,53)
(19,53)
(12,19)
(12,18)
(33,18)
(33,98)
(97,98)
(35,97)
(35,16)
(90,16)
(90,56)
(35,56)
(14,35)
(14,78)
(56,78)
(57,56)
(30,57)
(61,30)
(61,32)
(5,32)
(5,75)
(75,99)
(99,88)
(34,88)
(73,34)
(73,86)
(69,86)
(10,69)
(10,36)
(66,36)
(66,44)
(48,44)
(48,42)
(66,42)
(66,8)
(8,98)
(34,98)
(70,34)
(70,84)
(84,47)
(10,47)
(10,53)
(53,16)
(37,16)
(37,93)
(93,9)
(95,9)
(95,34)
(34,72)
(36,72)
(99,36)
(99,22)
(22,41)
(50,41)
(50,94)
(11,94)
(68,11)
(68,85)
(15,85)
(52,15)
(52,43)
(43,69)
(64,69)
(64,57)
(57,11)
(11,16)
(62,16)
(17,62)
(17,78)
(66,78)
(66,16)
(6,16)
(90,6)
(43,90)
(43,94)
(19,94)
(25,19)
(25,15)
(15,59)
(6,59)
(65,6)
(65,86)
(86,21)
(61,21)
(61,91)
(91,46)
(71,46)
(71,4)
(22,4)
(20,22)
(55,18)
(93,18)
(93,24)
(48,24)
(48,1)
(1,59)
(83,59)
(1,83)
(1,3)
(35,3)
(35,54)
(54,82)
(44,82)
(44,18)
(90,18)
(90,8)
(74,8)
(74,29)
(60,29)
(52,60)
(52,76)
(76,80)
(9,80)
(49,9)
(48,49)
(48,72)
(49,72)
(49,4)
(56,4)
(24,56)
(24,6)
(38,6)
(48,38)
(95,48)
(95,60)
(60,41)
(39,41)
(39,48)
(48,77)
(77,94)
(97,94)
(28,97)
(67,28)
(67,57)
(57,16)
(40,16)
(40,87)
(92,87)
(92,10)
(10,40)
(9,40)
(9,77)
(67,77)
(67,55)
(66,49)
(49,93)
(48,93)
(48,99)
(61,99)
(61,78)
(76,78)
(76,46)
(24,46)
(68,24)
(68,92)
(92,47)
(20,47)
(70,20)
(70,25)
(25,87)
(100,87)
(100,93)
(23,93)
(23,36)
(36,13)
(41,13)
(41,87)
(3,87)
(55,3)
(74,55)
(74,71)
(71,11)
(39,11)
(39,85)
(22,85)
(19,22)
(19,8)
(64,8)
(64,58)
(20,58)
(20,16)
(12,16)
(12,47)
(70,47)
(70,38)
(26,38)
(26,85)
(52,85)
(52,84)
(5,84)
(5,55)
(55,33)
(64,33)
(95,64)
(95,18)
(65,18)
(65,84)
(84,13)
(63,13)
(55,63)
(55,60)
(60,82)
(91,82)
(91,10)
(67,10)
(67,85)
(100,85)
(100,96)
(62,96)
(25,62)
(25,43)
(43,28)
(28,79)
(57,79)
(57,59)
(45,59)
(70,45)
(70,76)
(35,76)
(30,35)
(30,29)
(29,15)
(48,15)
(48,32)
(32,54)
(58,54)
(24,58)
(100,24)
(100,79)
(97,79)
(97,31)
(31,27)
(46,27)
(68,46)
(68,2)
(2,88)
(91,88)
(91,33)
(33,47)
(88,47)
(92,88)
(92,96)
(38,96)
(38,56)
(17,56)
(37,17)
(37,38)
(73,38)
(73,29)
(29,44)
(37,44)
(37,46)
(69,46)
(55,69)
(55,41)
(41,47)
(89,47)
(89,78)
(22,78)
(22,31)
(5,31)
(5,44)
(44,86)
(78,86)
(1,78)
(1,42)
(64,42)
(64,83)
(83,3)
(49,3)
(14,49)
(14,89)
(89,34)
(83,34)
(83,93)
(93,96)
(96,72)
(29,72)
(29,40)
(33,40)
(45,33)
(14,45)
(14,80)
(93,80)
(75,93)
(75,33)
(33,72)
(56,72)
(19,56)
(19,28)
(66,28)
(55,82)
(48,82)
(48,84)
(61,84)
(61,50)
(52,50)
(52,13)
(92,13)
(17,92)
(12,17)
(12,76)
(76,88)
(53,88)
(64,53)
(64,21)
(51,21)
(61,51)
(61,62)
(62,94)
(7,94)
(7,6)
(6,78)
(54,78)
(49,54)
(49,57)
(57,85)
(25,85)
(25,94)
(2,94)
(89,2)
(64,89)
(64,76)
(68,76)
(68,86)
(9,86)
(32,9)
(32,46)
(12,46)
(37,12)
(37,58)
(96,58)
(26,96)
(26,10)
(10,33)
(71,33)
(71,2)
(54,2)
(54,42)
(92,42)
(26,92)
(26,76)
(10,76)
(10,24)
(12,24)
(12,34)
(58,34)
(62,58)
(38,62)
(55,38)
(60,88)
(17,88)
(20,17)
(20,60)
(30,56)
(56,86)
(86,80)
(97,80)
(99,97)
(19,99)
(19,69)
(37,69)
(37,10)
(10,77)
(13,77)
(29,13)
(64,29)
(64,31)
(37,31)
(37,74)
(74,78)
(78,51)
(51,79)
(50,79)
(95,50)
(95,4)
(46,4)
(46,47)
(25,47)
(25,40)
(39,40)
(39,22)
(14,22)
(14,83)
(83,87)
(49,87)
(49,8)
(8,76)
(73,76)
(73,69)
(6,69)
(6,58)
(57,58)
(57,97)
(97,40)
(81,40)
(30,81)
(38,16)
(30,16)
(30,10)
(10,97)
(97,4)
(44,4)
(44,36)
(17,36)
(17,53)
(20,53)
(20,6)
(43,6)
(23,43)
(23,51)
(17,51)
(17,16)
(61,16)
(61,26)
(26,98)
(89,98)
(89,36)
(36,4)
(55,4)
(66,55)
(66,1)
(1,33)
(59,33)
(70,59)
(70,56)
(1,56)
(1,11)
(65,11)
(65,90)
(90,57)
(57,88)
(15,88)
(3,15)
(3,93)
(93,22)
(5,22)
(5,12)
(12,8)
(8,88)
(96,88)
(96,85)
(7,85)
(7,33)
(33,54)
(99,54)
(45,99)
(45,60)
(60,36)
(36,21)
(26,21)
(26,34)
(34,42)
(23,42)
(23,78)
(75,78)
(75,84)
(84,51)
(44,51)
(20,44)
(14,20)
(14,46)
(11,46)
(11,80)
(18,80)
(64,18)
(64,2)
(81,2)
(81,90)
(90,38)
(74,59)
(26,59)
(26,28)
(39,28)
(39,92)
(92,7)
(7,21)
(68,21)
(68,65)
(74,65)
(63,6)
(26,6)
(26,83)
(67,83)
(67,62)
(62,77)
(25,77)
(25,24)
(52,24)
(52,58)
(55,58)
(55,29)
(29,24)
(24,79)
(81,79)
(55,81)
(20,55)
(20,57)
(66,57)
(66,87)
(35,87)
(66,35)
(66,74)
(74,90)
(90,40)
(23,40)
(23,53)
(53,98)
(41,98)
(34,41)
(61,34)
(61,4)
(4,78)
(57,78)
(57,47)
(45,47)
(45,16)
(65,16)
(65,31)
(31,13)
(28,13)
(28,2)
(2,31)
(3,31)
(3,24)
(24,50)
(57,50)
(57,84)
(63,84)
(63,42)
(10,42)
(10,94)
(89,94)
(89,87)
(43,87)
(37,43)
(37,63)
(46,84)
(84,16)
(16,86)
(23,86)
(48,23)
(48,75)
(43,75)
(43,80)
(41,80)
(41,72)
(18,72)
(6,18)
(57,6)
(92,57)
(92,97)
(64,97)
(64,9)
(53,9)
(53,82)
(22,82)
(22,97)
(23,97)
(65,23)
(65,96)
(39,96)
(39,67)
(67,15)
(44,15)
(55,44)
(55,47)
(82,47)
(82,40)
(55,40)
(55,30)
(14,30)
(14,87)
(68,87)
(68,54)
(8,54)
(8,85)
(11,85)
(19,11)
(19,60)
(60,63)
(49,63)
(49,32)
(32,2)
(66,2)
(66,43)
(95,43)
(74,95)
(74,49)
(49,13)
(13,85)
(66,85)
(66,21)
(5,21)
(5,81)
(81,16)
(23,16)
(5,23)
(5,17)
(48,17)
(48,11)
(11,9)
(37,9)
(37,42)
(42,51)
(51,85)
(28,85)
(7,28)
(7,9)
(74,9)
(74,89)
(11,89)
(93,11)
(93,40)
(99,40)
(64,99)
(39,64)
(39,2)
(70,2)
(70,12)
(12,65)
(65,88)
(62,88)
(1,62)
(1,10)
(55,10)
(73,55)
(73,8)
(8,6)
(6,41)
(44,41)
(44,21)
(37,21)
(37,8)
(43,8)
(20,43)
(20,15)
(90,15)
(90,29)
(29,58)
(58,13)
(13,87)
(51,87)
(51,88)
(74,88)
(74,80)
(1,80)
(1,47)
(29,47)
(20,29)
(20,51)
(18,51)
(18,79)
(87,79)
(24,87)
(65,24)
(65,57)
(71,57)
(45,71)
(45,81)
(100,81)
(39,100)
(39,44)
(26,44)
(26,84)
(22,84)
(22,94)
(57,94)
(57,13)
(13,98)
(71,98)
(30,71)
(30,23)
(23,41)
(59,41)
(59,2)
(91,2)
(91,51)
(51,94)
(67,94)
(67,45)
(45,25)
(30,25)
(30,19)
(52,19)
(52,62)
(75,62)
(75,82)
(35,82)
(5,35)
(5,72)
(93,72)
(93,16)
(16,72)
(91,72)
(91,6)
(6,33)
(24,33)
(24,42)
(5,42)
(5,97)
(97,56)
(20,56)
(20,89)
(90,89)
(90,34)
(34,46)
(84,77)
(61,77)
(61,42)
(3,42)
(3,33)
(73,33)
(73,32)
(89,32)
(89,58)
(30,58)
(30,22)
(22,86)
(86,79)
(66,79)
(66,67)
(67,68)
(68,44)
(81,44)
(81,46)
(60,46)
(60,50)
(26,50)
(26,75)
(20,75)
(20,23)
(23,60)
(99,60)
(99,4)
(96,4)
(96,84)
(78,13)
(55,13)
(55,85)
(14,85)
(14,17)
(17,87)
(69,87)
(69,41)
(64,41)
(64,43)
(43,85)
(90,85)
(90,42)
(57,42)
(57,72)
(24,72)
(24,77)
(63,77)
(92,63)
(92,34)
(34,79)
(52,79)
(52,28)
(28,80)
(6,80)
(6,50)
(50,40)
(40,18)
(1,18)
(1,8)
(39,8)
(39,94)
(14,94)
(14,96)
(99,96)
(68,99)
(68,4)
(52,4)
(12,52)
(12,10)
(10,63)
(63,28)
(28,46)
(23,46)
(23,79)
(9,79)
(9,87)
(48,87)
(48,56)
(23,56)
(23,87)
(87,27)
(36,27)
(93,36)
(93,34)
(99,34)
(49,99)
(55,49)
(55,42)
(42,9)
(3,9)
(3,18)
(76,18)
(38,76)
(38,69)
(100,69)
(100,17)
(83,17)
(83,86)
(86,47)
(76,47)
(6,76)
(6,79)
(12,79)
(12,7)
(95,7)
(95,81)
(81,34)
(20,34)
(20,40)
(34,40)
(34,87)
(57,87)
(68,57)
(68,81)
(81,50)
(96,50)
(96,98)
(24,98)
(20,24)
(20,33)
(99,33)
(99,53)
(53,86)
(70,86)
(70,88)
(14,88)
(14,21)
(21,88)
(35,88)
(35,33)
(48,33)
(48,80)
(62,80)
(62,53)
(83,53)
(83,40)
(52,40)
(52,46)
(46,54)
(54,41)
(82,41)
(82,27)
(74,27)
(12,74)
(12,38)
(100,38)
(30,100)
(30,59)
(25,59)
(25,50)
(50,16)
(43,16)
(39,43)
(39,82)
(32,82)
(83,32)
(83,16)
(25,16)
(25,98)
(75,98)
(75,44)
(19,44)
(45,19)
(45,90)
(90,86)
(96,86)
(22,96)
(22,51)
(53,51)
(53,27)
(79,27)
(49,79)
(49,60)
(17,60)
(68,17)
(68,64)
(37,64)
(37,18)
(84,18)
(59,84)
(91,59)
(91,56)
(56,13)
(48,13)
(48,31)
(68,31)
(68,42)
(91,42)
(91,57)
(57,44)
(44,11)
(11,78)
(35,28)
(65,28)
(65,29)
(29,77)
(77,86)
(71,86)
(71,40)
(58,40)
(26,58)
(26,19)
(19,79)
(5,79)
(5,38)
(38,33)
(11,33)
(92,11)
(66,92)
(66,62)
(62,47)
(87,47)
(50,87)
(30,50)
(30,27)
(61,27)
(66,61)
(66,53)
(26,53)
(26,80)
(100,80)
(100,82)
(46,82)
(100,46)
(100,33)
(89,33)
(38,89)
(38,84)
(54,84)
(29,54)
(29,11)
(11,59)
(44,59)
(14,44)
(14,82)
(82,72)
(92,72)
(92,80)
(68,80)
(68,18)
(50,18)
(10,50)
(23,10)
(23,81)
(81,99)
(55,99)
(55,43)
(61,43)
(61,15)
(15,69)
(69,84)
(36,84)
(36,51)
(24,51)
(55,24)
(55,86)
(67,86)
(67,98)
(35,98)
(20,3)
(3,77)
(7,77)
(71,7)
(95,71)
(95,8)
(67,8)
(37,67)
(37,1)
(1,69)
(36,69)
(36,80)
(60,80)
(60,2)
(92,2)
(91,92)
(91,89)
(65,89)
(65,2)
(35,2)
(35,60)
(60,54)
(17,54)
(17,47)
(59,47)
(12,59)
(12,94)
(9,94)
(100,9)
(52,100)
(52,8)
(8,53)
(53,31)
(38,31)
(38,11)
(25,11)
(25,90)
(49,90)
(49,45)
(45,97)
(11,97)
(11,22)
(73,22)
(73,27)
(37,27)
(37,83)
(68,83)
(70,68)
(70,96)
(96,40)
(57,40)
(39,57)
(39,35)
(67,35)
(67,42)
(58,42)
(58,94)
(74,94)
(74,34)
(66,34)
(66,24)
(24,44)
(44,13)
(93,13)
(93,51)
(6,51)
(6,4)
(4,86)
(92,86)
(67,92)
(67,81)
(61,81)
(61,86)
(39,86)
(39,74)
(74,64)
(64,59)
(59,78)
(26,78)
(26,71)
(71,56)
(95,56)
(95,98)
(30,98)
(30,32)
(32,40)
(100,40)
(100,15)
(15,77)
(31,77)
(36,31)
(36,46)
(22,46)
(22,76)
(60,76)
(60,96)
(81,96)
(81,3)
(19,3)
(19,41)
(46,41)
(66,46)
(66,30)
(30,62)
(7,62)
(7,87)
(44,87)
(44,53)
(53,28)
(14,28)
(14,84)
(49,84)
(49,43)
(43,18)
(32,18)
(20,32)
(2,77)
(77,98)
(69,98)
(12,69)
(20,12)
(20,63)
(30,63)
(30,83)
(74,83)
(74,19)
(19,46)
(46,86)
(81,86)
(70,81)
(70,16)
(16,88)
(59,88)
(23,59)
(23,13)
(5,13)
(5,66)
(66,60)
(1,60)
(100,1)
(37,100)
(37,99)
(1,99)
(1,92)
(92,58)
(93,58)
(92,93)
(92,77)
(12,77)
(12,25)
(25,71)
(71,13)
(40,13)
(65,40)
(65,41)
(11,41)
(62,11)
(55,62)
(55,84)
(100,84)
(95,100)
(95,32)
(32,21)
(48,21)
(48,79)
(14,79)
(14,31)
(69,31)
(20,69)
(20,65)
(65,3)
(3,98)
(2,98)
(89,80)
(52,80)
(52,9)
(5,9)
(5,26)
(26,1)
(20,1)
(20,59)
(59,56)
(2,56)
(46,2)
(46,42)
(60,42)
(60,58)
(7,58)
(23,7)
(23,47)
(83,47)
(39,83)
(39,75)
(75,4)
(83,4)
(83,44)
(44,54)
(54,72)
(13,72)
(12,13)
(12,93)
(57,93)
(73,57)
(73,85)
(16,85)
(9,16)
(24,9)
(70,24)
(70,58)
(35,58)
(35,85)
(99,85)
(66,99)
(66,45)
(55,45)
(55,36)
(36,50)
(50,42)
(59,42)
(59,94)
(75,94)
(25,75)
(25,29)
(29,98)
(83,98)
(83,41)
(41,94)
(73,94)
(73,82)
(52,82)
(39,52)
(39,9)
(67,9)
(67,99)
(5,99)
(5,57)
(57,53)
(53,85)
(4,85)
(34,4)
(34,51)
(39,51)
(39,30)
(30,87)
(82,87)
(62,82)
(71,62)
(71,17)
(25,17)
(25,58)
(58,32)
(60,32)
(64,60)
(64,90)
(90,10)
(71,10)
(48,71)
(61,48)
(14,61)
(14,98)
(70,98)
(70,46)
(96,46)
(3,96)
(17,3)
(17,97)
(97,78)
(78,21)
(33,21)
(8,33)
(8,84)
(84,85)
(24,85)
(24,13)
(13,16)
(28,16)
(6,28)
(55,6)
(55,91)
(43,91)
(43,56)
(56,80)
(4,80)
(4,72)
(28,72)
(28,88)
(66,88)
(66,63)
(63,22)
(10,22)
(10,21)
(39,21)
(39,34)
(34,2)
(19,2)
(19,18)
(24,18)
(24,54)
(45,54)
(45,24)
(83,24)
(83,33)
(22,33)
(22,59)
(68,59)
(68,93)
(43,93)
(43,3)
(48,3)
(48,46)
(5,46)
(5,52)
(52,49)
(49,82)
(3,82)
(3,69)
(57,69)
(7,57)
(25,7)
(25,3)
(3,4)
(82,4)
(70,82)
(70,67)
(67,26)
(26,45)
(61,45)
(61,13)
(11,13)
(11,96)
(37,96)
(37,53)
(48,53)
(48,34)
(53,34)
(38,53)
(38,94)
(32,94)
(29,32)
(29,85)
(75,85)
(75,2)
(62,2)
(23,62)
(23,91)
(65,91)
(65,19)
(19,80)
(80,47)
(6,47)
(93,6)
(93,77)
(99,77)
(99,27)
(6,27)
(60,6)
(60,44)
(90,44)
(90,92)
(92,31)
(31,72)
(64,72)
(64,100)
(49,100)
(49,23)
(52,23)
(52,98)
(55,98)
(55,23)
(23,63)
(95,63)
(95,28)
(28,9)
(8,9)
(25,8)
(25,31)
(31,94)
(70,94)
(70,33)
(33,77)
(81,77)
(81,41)
(92,41)
(92,24)
(74,24)
(67,74)
(67,3)
(3,47)
(11,47)
(75,11)
(75,86)
(99,86)
(99,7)
(30,7)
(30,36)
(95,36)
(95,21)
(29,21)
(29,33)
(65,33)
(65,1)
(49,1)
(49,11)
(11,69)
(61,69)
(61,22)
(70,22)
(70,4)
(10,4)
(100,10)
(100,76)
(20,76)
(20,62)
(62,85)
(2,85)
(48,2)
(48,63)
(63,50)
(37,50)
(37,79)
(55,79)
(55,83)
(83,13)
(32,13)
(32,98)
(9,98)
(33,9)
(53,33)
(53,15)
(15,87)
(56,87)
(83,56)
(83,90)
(5,90)
(5,71)
(71,82)
(37,82)
(37,32)
(17,32)
(75,17)
(64,75)
(64,16)
(60,16)
(91,60)
(91,17)
(30,17)
(30,18)
(39,18)
(12,39)
(12,43)
(43,41)
(93,41)
(93,88)
(89,88)
(84,4)
(33,4)
(33,88)
(78,88)
(8,78)
(8,21)
(21,94)
(4,94)
(59,4)
(92,59)
(100,92)
(100,75)
(75,16)
(42,16)
(17,42)
(17,34)
(14,34)
(14,54)
(100,54)
(68,100)
(68,53)
(53,78)
(36,78)
(52,36)
(52,30)
(30,77)
(60,77)
(37,60)
(37,29)
(29,84)
(99,38)
(38,32)
(25,32)
(25,93)
(93,8)
(30,8)
(12,30)
(12,98)
(50,98)
(50,84)
(84,98)
(82,98)
(23,82)
(23,38)
(67,38)
(67,58)
(58,59)
(81,59)
(81,57)
(45,57)
(52,45)
(52,63)
(63,31)
(6,31)
(6,87)
(98,87)
(100,98)
(100,2)
(2,84)
(90,84)
(66,90)
(66,65)
(65,10)
(10,98)
(98,86)
(20,86)
(20,80)
(24,80)
(24,22)
(83,22)
(83,46)
(62,46)
(64,62)
(64,96)
(12,96)
(12,40)
(11,40)
(11,15)
(15,41)
(30,41)
(30,33)
(63,33)
(81,63)
(81,97)
(19,97)
(19,92)
(75,92)
(75,56)
(96,56)
(44,96)
(43,44)
(73,43)
(70,73)
(70,52)
(14,52)
(14,41)
(48,41)
(55,48)
(55,9)
(10,9)
(10,8)
(8,72)
(66,72)
(66,29)
(99,29)
(67,46)
(46,13)
(76,13)
(44,76)
(44,78)
(39,78)
(39,3)
(71,3)
(67,71)
(89,59)
(59,32)
(57,32)
(57,15)
(64,15)
(45,64)
(74,45)
(5,74)
(5,34)
(67,34)
(67,18)
(18,87)
(26,87)
(26,65)
(64,65)
(64,82)
(43,82)
(43,72)
(72,21)
(21,80)
(51,80)
(14,51)
(14,95)
(95,6)
(6,77)
(45,77)
(45,72)
(55,72)
(55,8)
(8,96)
(1,96)
(1,46)
(25,46)
(25,97)
(34,97)
(75,34)
(14,75)
(14,26)
(20,26)
(20,91)
(91,85)
(48,85)
(48,30)
(30,69)
(7,69)
(7,59)
(90,59)
(73,90)
(73,54)
(39,54)
(39,80)
(99,80)
(99,50)
(33,50)
(44,33)
(44,40)
(49,40)
(49,77)
(68,77)
(68,58)
(58,18)
(62,18)
(62,28)
(44,28)
(44,77)
(36,77)
(36,40)
(54,40)
(93,54)
(93,89)
(73,49)
(49,29)
(75,29)
(75,28)
(28,87)
(16,87)
(78,16)
(83,78)
(83,62)
(39,62)
(39,68)
(68,72)
(73,72)
(46,50)
(89,50)
(89,9)
(69,9)
(69,4)
(20,4)
(20,73)
(73,63)
(63,47)
(60,47)
(60,87)
(61,87)
(61,17)
(17,6)
(6,85)
(98,85)
(74,98)
(74,84)
(39,84)
(39,36)
(36,18)
(99,18)
(99,57)
(19,57)
(19,82)
(74,82)
(20,74)
(20,85)
(85,88)
(22,88)
(90,22)
(90,87)
(58,87)
(11,58)
(81,11)
(81,71)
(71,63)
(63,59)
(59,54)
(91,54)
(91,15)
(35,15)
(12,35)
(12,80)
(65,80)
(95,65)
(95,25)
(25,92)
(92,28)
(24,28)
(24,4)
(2,4)
(2,79)
(69,79)
(90,69)
(90,36)
(36,41)
(41,78)
(3,78)
(45,3)
(45,36)
(1,36)
(1,51)
(75,51)
(74,75)
(74,35)
(35,99)
(99,42)
(43,42)
(43,53)
(53,94)
(61,94)
(61,58)
(58,16)
(91,16)
(91,21)
(15,21)
(17,15)
(17,90)
(100,90)
(100,29)
(29,42)
(42,47)
(14,47)
(14,33)
(26,33)
(26,97)
(70,97)
(70,80)
(44,80)
(99,44)
(73,99)
(73,19)
(19,32)
(10,32)
(10,16)
(73,16)
(73,2)
(61,2)
(61,98)
(98,88)
(37,88)
(37,55)
(55,56)
(36,56)
(36,97)
(91,97)
(91,7)
(7,82)
(1,82)
(55,1)
(55,46)
(56,79)
(29,79)
(67,29)
(67,88)
(49,88)
(49,53)
(53,21)
(16,21)
(74,16)
(74,57)
(57,98)
(93,98)
(93,31)
(100,31)
(100,89)
(89,46)
(46,94)
(84,94)
(3,84)
(70,3)
(70,6)
(6,40)
(70,40)
(70,7)
(64,7)
(64,50)
(35,50)
(48,35)
(48,51)
(3,51)
(37,3)
(37,25)
(25,84)
(24,84)
(60,24)
(60,72)
(83,72)
(83,27)
(17,27)
(73,17)
(95,73)
(95,55)
(55,96)
(74,96)
(74,32)
(32,87)
(39,87)
(39,10)
(10,28)
(28,94)
(48,94)
(48,76)
(76,69)
(69,78)
(99,78)
(99,58)
(74,58)
(74,22)
(22,56)
(35,29)
(29,56)
(5,56)
(5,41)
(28,41)
(45,28)
(45,10)
(83,10)
(83,2)
(2,42)
(11,42)
(66,11)
(66,84)
(23,84)
(23,71)
(71,47)
(99,47)
(99,32)
(32,51)
(58,51)
(83,58)
(83,38)
(38,98)
(16,98)
(34,16)
(34,18)
(92,18)
(65,92)
(65,46)
(10,46)
(10,44)
(44,32)
(32,31)
(26,31)
(26,22)
(22,87)
(45,87)
(45,22)
(48,22)
(48,40)
(60,40)
(60,89)
(99,89)
(99,3)
(73,3)
(73,71)
(71,24)
(38,24)
(61,38)
(61,93)
(93,87)
(75,87)
(75,54)
(54,13)
(68,13)
(68,90)
(30,90)
(30,79)
(75,79)
(55,75)
(55,22)
(6,22)
(6,36)
(36,88)
(9,88)
(9,21)
(97,21)
(73,97)
(73,65)
(65,13)
(99,13)
(52,99)
(52,44)
(25,44)
(25,81)
(81,17)
(17,50)
(59,50)
(59,86)
(1,86)
(1,77)
(78,77)
(90,78)
(14,90)
(14,24)
(24,2)
(6,2)
(12,6)
(12,100)
(100,91)
(91,94)
(94,80)
(40,80)
(5,40)
(5,39)
(39,42)
(19,42)
(61,19)
(61,82)
(57,82)
(57,31)
(96,31)
(96,33)
(33,85)
(97,85)
(90,97)
(90,79)
(11,79)
(11,88)
(4,88)
(50,4)
(29,50)
(91,29)
(91,24)
(95,24)
(95,53)
(67,53)
(67,31)
(8,31)
(83,8)
(70,83)
(70,41)
(61,41)
(61,76)
(76,56)
(60,56)
(60,18)
(23,18)
(73,23)
(73,46)
(53,46)
(53,72)
(11,72)
(23,11)
(12,23)
(12,89)
(25,89)
(20,25)
(20,100)
(100,88)
(64,88)
(64,98)
(37,98)
(37,2)
(14,2)
(14,69)
(66,69)
(66,47)
(51,47)
(59,51)
(59,27)
(38,27)
(38,93)
(91,93)
(91,87)
(87,80)
(96,80)
(49,96)
(5,49)
(5,6)
(52,6)
(67,52)
(67,4)
(53,4)
(71,53)
(71,60)
(60,59)
(59,21)
(3,21)
(3,10)
(62,10)
(62,8)
(17,8)
(99,17)
(12,99)
(12,71)
(71,58)
(63,58)
(70,63)
(37,70)
(37,95)
(68,95)
(68,34)
(52,34)
(52,56)
(68,56)
(68,73)
(61,73)
(61,7)
(7,97)
(15,97)
(15,47)
(24,47)
(35,24)
(62,98)
(98,80)
(71,80)
(71,51)
(62,51)
(8,24)
(43,24)
(43,34)
(34,33)
(19,33)
(5,19)
(5,51)
(41,51)
(1,41)
(1,75)
(75,36)
(35,36)
(35,57)
(57,96)
(96,13)
(39,13)
(39,91)
(91,28)
(25,28)
(49,25)
(49,78)
(71,78)
(71,32)
(11,32)
(91,11)
(91,69)
(44,69)
(44,50)
(97,50)
(89,97)
(89,16)
(95,16)
(95,23)
(23,92)
(92,62)
(14,62)
(14,48)
(48,89)
(89,21)
(1,21)
(1,50)
(20,50)
(37,20)
(37,85)
(65,85)
(65,17)
(17,7)
(7,86)
(52,86)
(52,53)
(30,53)
(73,30)
(73,60)
(60,27)
(12,27)
(12,42)
(49,42)
(49,6)
(74,6)
(74,60)
(60,57)
(57,18)
(18,94)
(42,94)
(36,42)
(68,36)
(68,23)
(23,44)
(64,44)
(73,64)
(37,73)
(37,90)
(90,7)
(7,63)
(63,80)
(59,80)
(59,46)
(17,46)
(17,80)
(58,80)
(58,50)
(19,50)
(19,77)
(53,77)
(7,53)
(7,76)
(39,76)
(39,33)
(12,33)
(12,87)
(99,87)
(99,93)
(81,93)
(81,82)
(24,82)
(37,24)
(37,75)
(68,75)
(68,96)
(96,78)
(32,78)
(32,88)
(12,88)
(12,62)
(62,86)
(2,86)
(76,2)
(63,76)
(8,63)
(68,97)
(14,97)
(14,32)
(23,32)
(23,8)
(3,8)
(12,3)
(12,51)
(92,51)
(43,92)
(43,63)
(45,63)
(45,80)
(49,80)
(49,44)
(44,89)
(89,28)
(29,28)
(29,27)
(72,27)
(65,72)
(65,38)
(38,40)
(73,40)
(73,41)
(76,41)
(43,76)
(43,9)
(70,9)
(70,31)
(89,31)
(45,89)
(45,35)
(35,11)
(67,11)
(67,75)
(75,96)
(96,97)
(39,97)
(39,23)
(23,34)
(34,56)
(89,56)
(62,89)
(5,62)
(5,15)
(15,79)
(77,79)
(73,77)
(73,15)
(81,15)
(81,47)
(44,47)
(44,94)
(83,94)
(5,83)
(5,86)
(37,86)
(37,48)
(52,48)
(55,52)
(61,55)
(61,52)
(52,31)
(61,31)
(61,85)
(30,85)
(30,99)
(99,41)
(41,18)
(10,18)
(10,29)
(29,6)
(19,6)
(35,19)
(37,35)
(37,7)
(1,7)
(1,87)
(65,87)
(65,94)
(60,94)
(60,4)
(32,4)
(92,32)
(92,9)
(22,9)
(22,13)
(13,88)
(7,88)
(45,7)
(45,34)
(38,34)
(52,38)
(52,81)
(14,81)
(14,76)
(66,76)
(66,26)
(26,24)
(24,21)
(87,21)
(72,87)
(72,94)
(36,94)
(57,36)
(70,57)
(70,69)
(24,69)
(64,24)
(64,11)
(20,11)
(20,7)
(38,7)
(38,79)
(65,79)
(37,65)
(37,15)
(15,56)
(25,56)
(39,25)
(39,66)
(66,9)
(91,9)
(70,91)
(70,43)
(43,83)
(83,63)
(63,9)
(58,9)
(5,58)
(5,29)
(29,93)
(93,2)
(2,21)
(70,21)
(70,8)
(8,16)
(31,16)
(31,82)
(69,82)
(17,69)
(17,59)
(19,59)
(19,78)
(55,78)
(55,11)
(11,36)
(24,36)
(90,24)
(90,54)
(54,16)
(16,80)
(42,80)
(35,42)
(35,44)
(44,88)
(56,88)
(53,56)
(53,79)
(43,79)
(43,46)
(95,46)
(95,22)
(22,42)
(14,42)
(14,13)
(45,13)
(45,23)
(23,96)
(25,96)
(65,25)
(30,65)
(49,30)
(49,92)
(92,89)
(24,89)
(24,34)
(34,28)
(90,28)
(67,90)
(67,64)
(64,17)
(17,40)
(84,40)
(64,84)
(64,80)
(85,80)
(85,94)
(94,79)
(8,79)
(26,8)
(26,64)
(48,64)
(48,47)
(4,47)
(4,40)
(40,21)
(55,21)
(55,54)
(54,97)
(97,13)
(74,13)
(74,61)
(61,28)
(37,28)
(37,61)
(61,10)
(81,10)
(81,76)
(76,77)
(57,77)
(83,57)
(83,85)
(17,85)
(17,33)
(68,33)
(7,2)
(33,2)
(76,33)
(76,34)
(63,34)
(63,88)
(30,88)
(30,82)
(36,82)
(36,76)
(24,76)
(24,32)
(32,42)
(20,42)
(20,49)
(49,59)
(59,31)
(31,18)
(49,18)
(49,2)
(8,2)
(8,97)
(55,97)
(55,80)
(78,80)
(100,78)
(100,6)
(6,82)
(82,9)
(83,9)
(23,83)
(23,4)
(17,4)
(67,17)
(67,69)
(34,69)
(34,80)
(88,80)
(41,88)
(10,41)
(10,2)
(2,51)
(100,51)
(100,59)
(3,59)
(68,3)
(68,89)
(81,89)
(35,81)
(35,38)
(38,44)
(44,98)
(91,98)
(91,99)
(99,11)
(11,34)
(34,32)
(62,32)
(62,78)
(25,78)
(25,86)
(48,86)
(73,48)
(5,73)
(5,76)
(76,16)
(24,16)
(7,24)
(74,68)
(68,10)
(10,79)
(35,79)
(35,25)
(74,25)
(68,98)
(28,98)
(64,28)
(64,63)
(63,44)
(71,44)
(71,50)
(53,50)
(53,54)
(22,54)
(22,80)
(90,80)
(90,77)
(39,77)
(39,90)
(75,90)
(75,38)
(17,38)
(17,72)
(46,72)
(6,46)
(44,6)
(70,44)
(70,75)
(12,75)
(12,48)
(48,57)
(1,57)
(1,89)
(71,89)
(71,84)
(92,84)
(92,78)
(84,78)
(45,84)
(45,43)
(43,31)
(31,86)
(63,86)
(63,18)
(28,18)
(100,28)
(100,60)
(30,60)
(30,24)
(24,94)
(35,94)
(35,9)
(36,9)
(29,36)
(29,87)
(52,87)
(52,92)
(81,92)
(26,81)
(26,7)
(73,7)
(73,89)
(66,89)
(12,66)
(12,55)
(55,93)
(93,33)
(67,33)
(67,40)
(74,40)
(74,42)
(96,42)
(96,41)
(26,41)
(26,36)
(36,59)
(43,59)
(43,81)
(81,33)
(43,33)
(43,58)
(58,31)
(31,84)
(12,84)
(12,57)
(38,57)
(38,4)
(65,4)
(65,15)
(15,13)
(42,13)
(42,79)
(74,79)
(74,87)
(46,87)
(3,46)
(3,13)
(1,13)
(1,40)
(40,88)
(26,88)
(26,3)
(3,27)
(32,27)
(7,32)
(7,80)
(31,80)
(91,31)
(91,77)
(77,72)
(98,72)
(15,98)
(39,15)
(39,1)
(1,76)
(30,76)
(30,75)
(75,59)
(71,59)
(71,54)
(54,47)
(40,47)
(53,40)
(25,53)
(25,60)
(48,60)
(48,81)
(73,81)
(73,44)
(65,44)
(65,54)
(95,54)
(95,82)
(82,77)
(22,77)
(22,72)
(71,72)
(71,9)
(48,9)
(48,16)
(63,16)
(63,85)
(49,85)
(49,75)
(75,3)
(3,85)
(72,85)
(90,72)
(90,46)
(64,46)
(64,87)
(96,87)
(6,96)
(6,13)
(34,13)
(22,34)
(29,22)
(29,8)
(8,50)
(65,50)
(65,81)
(81,53)
(61,53)
(61,46)
(46,78)
(78,98)
(60,98)
(60,21)
(99,21)
(99,56)
(56,21)
(98,21)
(23,98)
(74,23)
(74,54)
(54,98)
(90,98)
(99,90)
(26,99)
(26,29)
(95,29)
(95,51)
(68,51)
(37,51)
(73,51)
(73,24)
(39,24)
(39,63)
(99,63)
(99,69)
(52,69)
(52,2)
(20,2)
(20,64)
(14,64)
(14,38)
(19,38)
(19,96)
(45,96)
(45,21)
(67,21)
(67,91)
(37,91)
(1,29)
(29,51)
(8,51)
(60,8)
(43,60)
(43,32)
(70,32)
(70,74)
(74,72)
(50,72)
(48,50)
(48,26)
(26,77)
(42,77)
(28,42)
(17,28)
(17,2)
(25,2)
(25,13)
(26,13)
(26,9)
(20,9)
(20,84)
(53,84)
(91,53)
(91,62)
(100,62)
(55,100)
(55,87)
(97,87)
(37,97)
(37,41)
(41,86)
(95,86)
(12,95)
(12,31)
(62,31)
(95,62)
(67,95)
(12,67)
(12,86)
(26,86)
(26,35)
(35,17)
(19,17)
(70,19)
(70,65)
(65,59)
(59,18)
(74,18)
(74,44)
(44,16)
(92,16)
(92,22)
(100,22)
(66,100)
(66,4)
(4,87)
(78,87)
(38,78)
(25,38)
(25,23)
(23,6)
(6,54)
(64,54)
(64,25)
(25,69)
(49,69)
(49,33)
(23,33)
(70,23)
(70,50)
(7,50)
(7,22)
(23,22)
(35,23)
(52,35)
(37,52)
(37,81)
(81,7)
(7,54)
(54,94)
(56,94)
(58,56)
(3,58)
(3,2)
(43,2)
(43,96)
(96,76)
(76,98)
(31,98)
(31,87)
(53,87)
(29,53)
(68,29)
(66,68)
(66,75)
(19,75)
(19,76)
(76,82)
(10,82)
(10,56)
(56,40)
(40,77)
(77,47)
(38,47)
(43,38)
(43,40)
(14,40)
(5,14)
(5,92)
(92,76)
(95,76)
(39,95)
(39,29)
(38,29)
(38,8)
(57,8)
(55,57)
(55,35)
(95,35)
(95,10)
(70,10)
(70,93)
(17,93)
(17,24)
(24,15)
(15,94)
(17,94)
(1,17)
(95,99)
(23,99)
(23,3)
(3,89)
(89,82)
(82,85)
(71,85)
(71,69)
(69,88)
(84,88)
(15,84)
(68,15)
(68,1)
(1,79)
(54,79)
(66,54)
(66,15)
(30,15)
(30,40)
(24,40)
(62,24)
(49,62)
(49,94)
(69,94)
(39,69)
(39,71)
(52,71)
(52,32)
(93,32)
(93,97)
(33,97)
(62,33)
(62,40)
(22,40)
(91,22)
(75,91)
(75,21)
(63,21)
(63,69)
(69,47)
(49,47)
(68,49)
(68,55)
(55,26)
(26,69)
(74,69)
(74,53)
(60,53)
(14,60)
(14,25)
(25,21)
(71,21)
(61,71)
(61,36)
(83,36)
(75,83)
(75,15)
(15,54)
(96,54)
(96,18)
(73,18)
(73,59)
(59,77)
(83,77)
(83,89)
(17,89)
(17,57)
(3,57)
(3,94)
(34,94)
(6,34)
(1,6)
(1,15)
(15,2)
(2,78)
(50,78)
(90,50)
(90,53)
(53,47)
(64,47)
(5,64)
(5,48)
(48,43)
(1,43)
(30,1)
(30,86)
(51,86)
(54,51)
(36,54)
(67,36)
(67,96)
(83,96)
(65,83)
(45,65)
(45,17)
(17,13)
(100,13)
(100,11)
(11,84)
(81,84)
(81,58)
(73,58)
(73,79)
(21,79)
(13,21)
(9,13)
(9,27)
(43,27)
(65,43)
(65,7)
(55,7)
(55,34)
(34,47)
(16,47)
(97,16)
(30,97)
(30,84)
(37,84)
(37,62)
(62,97)
(97,88)
(75,88)
(75,42)
(42,98)
(63,98)
(57,63)
(57,33)
(33,42)
(65,42)
(65,34)
(7,34)
(7,56)
(56,85)
(81,85)
(81,36)
(25,36)
(25,54)
(19,54)
(64,19)
(64,22)
(3,22)
(3,56)
(56,47)
(18,47)
(17,18)
(52,17)
(66,52)
(14,66)
(14,74)
(74,99)
(99,2)
(11,2)
(11,53)
(53,76)
(90,76)
(90,58)
(65,58)
(65,36)
(71,36)
(71,16)
(82,16)
(82,51)
(60,51)
(60,84)
(1,84)
(35,1)
(35,91)
(68,91)
(37,68)
(37,39)
(39,50)
(23,50)
(23,9)
(1,9)
(1,23)
(26,23)
(52,26)
(52,41)
(89,41)
(26,89)
(68,26)
(68,22)
(22,69)
(69,28)
(28,21)
(20,21)
(20,92)
(70,92)
(70,64)
(30,64)
(30,92)
(92,54)
(54,85)
(89,85)
(8,89)
(8,4)
(4,79)
(60,79)
(60,78)
(91,78)
(91,4)
(73,4)
(73,80)
(72,80)
(15,72)
(43,15)
(67,43)
(67,49)
(49,24)
(5,24)
(5,3)
(3,53)
(53,42)
(45,42)
(12,45)
(12,28)
(96,28)
(29,96)
(29,86)
(17,86)
(17,11)
(37,11)
(37,94)
(55,94)
(55,50)
(3,50)
(3,63)
(63,4)
(4,13)
(8,13)
(81,8)
(19,81)
(19,90)
(90,60)
(60,7)
(68,7)
(68,82)
(82,84)
(32,84)
(76,32)
(76,21)
(82,21)
(82,94)
(87,94)
(77,87)
(77,88)
(95,88)
(57,4)
(26,4)
(26,57)
(15,33)
(33,87)
(37,87)
(37,59)
(61,59)
(61,9)
(73,9)
(73,36)
(12,36)
(12,73)
(73,1)
(14,1)
(14,6)
(6,84)
(84,79)
(79,47)
(2,47)
(2,40)
(8,40)
(8,58)
(100,58)
(35,100)
(70,35)
(70,28)
(28,51)
(65,51)
(65,99)
(99,98)
(45,98)
(45,29)
(14,29)
(14,63)
(62,63)
(62,21)
(100,21)
(100,43)
(43,97)
(48,97)
(48,83)
(71,83)
(71,97)
(75,97)
(75,10)
(10,88)
(39,88)
(39,45)
(48,45)
(48,25)
(25,34)
(57,34)
(57,21)
(58,21)
(58,46)
(20,46)
(20,52)
(52,1)
(74,1)
(74,56)
(66,56)
(66,82)
(82,79)
(41,79)
(24,41)
(24,86)
(19,86)
(19,4)
(4,98)
(66,98)
(66,91)
(91,32)
(26,32)
(26,15)
(5,91)
(91,3)
(3,60)
(65,60)
(65,75)
(45,75)
(45,9)
(44,9)
(44,27)
(49,27)
(49,31)
(31,21)
(18,21)
(13,18)
(35,13)
(35,10)
(20,10)
(20,97)
(97,86)
(40,86)
(40,27)
(51,27)
(97,51)
(69,97)
(69,2)
(2,72)
(70,72)
(70,54)
(54,9)
(90,9)
(70,90)
(70,78)
(12,78)
(12,9)
(9,85)
(87,85)
(86,87)
(13,86)
(33,13)
(92,33)
(37,92)
(37,23)
(23,76)
(49,76)
(95,49)
(95,69)
(62,69)
(62,76)
(89,76)
(29,89)
(52,29)
(52,94)
(16,94)
(56,16)
(11,56)
(90,11)
(20,90)
(20,31)
(31,51)
(64,51)
(64,71)
(71,88)
(88,79)
(96,79)
(15,96)
(95,15)
(95,13)
(13,94)
(86,94)
(43,86)
(43,29)
(81,29)
(81,22)
(44,22)
(100,44)
(100,72)
(59,72)
(55,59)
(55,76)
(76,54)
(54,4)
(100,4)
(100,99)
(99,9)
(6,9)
(83,6)
(83,42)
(100,42)
(100,34)
(44,34)
(95,44)
(95,72)
(23,72)
(23,85)
(93,85)
(19,93)
(19,21)
(73,21)
(67,73)
(67,24)
(61,24)
(39,61)
(39,16)
(36,16)
(74,36)
(74,17)
(17,41)
(20,41)
(20,48)
(48,36)
(43,36)
(14,43)
(14,92)
(38,92)
(38,77)
(65,77)
(65,27)
(5,27)
(60,97)
(2,97)
(2,50)
(31,50)
(24,31)
(24,63)
(61,63)
(61,1)
(1,24)
(24,78)
(93,78)
(66,93)
(66,17)
(17,84)
(67,84)
(67,30)
(30,46)
(49,46)
(49,19)
(19,83)
(61,83)
(61,65)
(49,65)
(37,49)
(37,6)
(6,32)
(69,32)
(69,85)
(46,85)
(46,40)
(40,98)
(5,98)
(5,89)
(89,69)
(35,69)
(35,75)
(75,7)
(7,96)
(96,47)
(58,47)
(22,58)
(22,16)
(99,16)
(25,99)
(67,25)
(67,97)
(61,97)
(61,54)
(38,54)
(38,80)
(37,80)
(37,78)
(78,72)
(10,72)
(73,10)
(73,75)
(75,69)
(60,69)
(32,79)
(72,79)
(39,72)
(39,59)
(59,79)
(71,79)
(49,71)
(49,41)
(84,41)
(43,84)
(43,22)
(22,28)
(28,4)
(48,4)
(48,7)
(7,31)
(31,4)
(29,4)
(61,29)
(67,61)
(67,56)
(64,56)
(52,64)
(52,11)
(11,4)
(30,4)
(70,30)
(70,53)
(12,53)
(12,2)
(55,2)
(14,55)
(14,36)
(70,36)
(70,60)
(39,60)
(39,31)
(31,47)
(8,47)
(8,69)
(69,21)
(17,21)
(17,63)
(63,11)
(10,11)
(10,34)
(34,50)
(100,50)
(100,77)
(95,77)
(95,30)
(30,94)
(68,94)
(68,79)
(79,80)
(54,80)
(63,54)
(63,46)
(46,9)
(96,9)
(36,96)
(64,36)
(64,38)
(39,38)
(39,99)
(99,72)
(35,72)
(35,62)
(62,93)
(93,28)
(28,31)
(31,56)
(100,56)
(73,100)
(66,73)
(66,3)
(3,79)
(76,79)
(71,76)
(70,71)
(5,70)
(5,61)
(61,47)
(85,47)
(50,85)
(62,50)
(62,44)
(17,44)
(17,10)
(49,10)
(49,15)
(83,15)
(83,79)
(91,79)
(91,41)
(33,41)
(33,78)
(68,78)
(68,35)
(35,4)
(7,4)
(7,29)
(23,29)
(23,94)
(6,94)
(6,97)
(38,97)
(74,38)
(74,100)
(48,100)
(48,8)
(20,8)
(20,78)
(52,78)
(73,52)
(73,47)
(90,47)
(23,90)
(23,89)
(89,53)
(45,53)
(45,85)
(42,85)
(42,18)
(5,18)
(5,2)
(2,87)
(67,87)
(67,48)
(48,91)
(25,91)
(25,1)
(1,81)
(81,60)
(60,10)
(57,10)
(57,41)
(29,41)
(19,29)
(100,19)
(100,32)
(1,91)
(91,96)
(96,77)
(75,77)
(75,60)
(60,9)
(9,51)
(69,51)
(68,69)
(68,38)
(1,38)
(28,86)
(72,86)
(12,72)
(12,50)
(22,50)
(22,21)
(92,21)
(92,8)
(8,18)
(45,18)
(45,88)
(72,88)
(19,72)
(95,19)
(95,83)
(83,82)
(38,82)
(38,51)
(63,51)
(74,63)
(74,15)
(15,40)
(40,72)
(1,72)
(1,53)
(6,53)
(66,6)
(66,18)
(25,18)
(25,42)
(76,42)
(17,76)
(17,9)
(56,9)
(12,56)
(12,63)
(63,82)
(67,82)
(67,79)
(13,79)
(50,13)
(83,50)
(66,83)
(66,10)
(10,80)
(61,80)
(61,3)
(64,3)
(64,35)
(35,47)
(22,47)
(15,22)
(15,16)
(68,16)
(68,62)
(62,42)
(97,42)
(32,97)
(96,32)
(96,94)
(64,94)
(55,64)
(55,77)
(37,77)
(37,33)
(33,84)
(58,84)
(45,58)
(45,11)
(11,28)
(24,88)
(68,88)
(68,8)
(8,80)
(67,80)
(67,60)
(60,93)
(93,69)
(5,69)
(5,4)
(4,9)
(14,9)
(14,3)
(3,40)
(91,40)
(71,91)
(43,71)
(26,43)
(12,26)
(12,90)
(90,62)
(62,6)
(6,72)
(61,72)
(61,79)
(99,79)
(99,82)
(97,82)
(97,18)
(75,18)
(75,76)
(25,76)
(5,25)
(5,54)
(54,21)
(49,21)
(39,49)
(39,56)
(56,98)
(65,98)
(65,93)
(93,63)
(63,56)
(45,56)
(45,6)
(61,6)
(61,18)
(54,18)
(30,54)
(30,34)
(37,34)
(37,66)
(70,66)
(70,51)
(57,51)
(100,57)
(5,100)
(5,28)
(49,28)
(49,50)
(75,50)
(75,31)
(81,31)
(81,4)
(15,4)
(7,15)
(67,7)
(67,19)
(19,9)
(41,9)
(2,41)
(2,13)
(89,13)
(7,89)
(7,78)
(78,47)
(32,47)
(3,32)
(3,16)
(59,16)
(29,59)
(92,29)
(92,27)
(25,27)
(66,25)
(66,31)
(44,31)
(44,85)
(1,85)
(70,1)
(70,13)
(13,47)
(93,47)
(93,4)
(74,4)
(74,92)
(73,92)
(73,96)
(53,96)
(55,53)
(55,65)
(65,97)
(53,97)
(24,53)
(53,80)
(66,80)
(66,40)
(35,40)
(35,65)
(5,65)
(5,33)
(33,51)
(98,51)
(98,94)
(45,94)
(45,46)
(46,79)
(98,79)
(6,98)
(99,6)
(83,99)
(91,83)
(19,91)
(19,89)
(89,84)
(10,84)
(10,86)
(64,86)
(64,27)
(69,27)
(69,33)
(60,33)
(60,86)
(82,86)
(20,82)
(20,77)
(52,77)
(52,42)
(44,42)
(44,46)
(46,88)
(52,88)
(52,7)
(83,7)
(52,83)
(52,59)
(59,85)
(31,85)
(73,31)
(73,91)
(52,91)
(52,22)
(25,22)
(26,25)
(26,79)
(36,79)
(36,58)
(75,58)
(95,75)
(95,38)
(38,46)
(15,46)
(19,15)
(19,1)
(1,63)
(63,32)
(32,77)
(28,77)
(30,28)
(30,2)
(57,2)
(52,57)
(74,52)
(74,48)
(48,90)
(61,90)
(61,23)
(23,24)
(24,11)
(11,51)
(77,51)
(77,16)
(14,16)
(14,71)
(71,34)
(34,21)
(6,21)
(10,6)
(52,10)
(52,96)
(10,96)
(10,85)
(32,85)
(55,32)
(55,28)
(28,50)
(50,80)
(3,80)
(3,29)
(29,34)
(34,82)
(45,82)
(45,62)
(62,54)
(54,31)
(71,31)
(71,28)
(81,28)
(81,56)
(37,56)
(37,36)
(36,87)
(42,87)
(42,72)
(25,72)
(25,6)
(68,6)
(68,48)
(48,62)
(62,27)
(93,27)
(67,93)
(67,6)
(92,6)
(92,94)
(100,94)
(70,100)
(70,95)
(20,95)
(20,79)
(16,79)
(100,16)
(100,3)
(3,62)
(62,41)
(41,4)
(12,4)
(14,12)
(14,86)
(89,86)
(89,72)
(76,72)
(37,76)
(37,72)
(14,72)
(14,67)
(67,47)
(36,47)
(15,36)
(15,82)
(29,82)
(29,31)
(74,31)
(74,7)
(7,44)
(3,44)
(3,6)
(64,6)
(64,13)
(59,13)
(53,59)
(92,4)
(45,4)
(45,38)
(38,9)
(84,9)
(62,84)
(62,56)
(69,56)
(69,77)
(23,77)
(23,31)
(31,78)
(78,79)
(58,79)
(58,2)
(1,2)
(1,32)
(65,32)
(65,8)
(8,15)
(71,15)
(68,71)
(5,68)
(5,36)
(53,36)
(53,69)
(69,42)
(41,42)
(63,41)
(63,53)
(35,53)
(35,77)
(58,77)
(58,72)
(72,47)
(7,47)
(35,7)
(35,21)
(11,21)
(43,11)
(43,57)
(57,24)
(99,24)
(20,99)
(20,98)
(1,98)
(1,44)
(61,44)
(20,61)
(20,81)
(81,13)
(19,13)
(19,10)
(38,10)
(38,60)
(68,60)
(20,68)
(20,18)
(22,18)
(71,22)
(71,18)
(4,18)
(4,51)
(96,51)
(5,96)
(5,88)
(88,94)
(66,94)
(66,19)
(19,71)
(71,92)
(81,54)
(54,87)
(73,87)
(73,98)
(81,98)
(83,21)
(41,21)
(75,41)
(75,27)
(66,27)
(66,86)
(34,86)
(15,34)
(38,15)
(38,85)
(95,85)
(95,78)
(45,78)
(20,45)
(20,19)
(19,63)
(38,63)
(38,50)
(50,51)
(13,51)
(43,13)
(68,43)
(68,40)
(45,40)
(45,69)
(69,40)
(41,40)
(3,41)
(3,97)
(97,72)
(84,72)
(68,84)
(68,25)
(61,25)
(61,49)
(49,16)
(29,16)
(12,29)
(12,60)
(60,22)
(22,32)
(32,41)
(67,41)
(20,67)
(20,39)
(39,81)
(81,24)
(24,96)
(96,21)
(74,21)
(74,3)
(90,3)
(90,33)
(33,94)
(8,94)
(35,8)
(61,35)
(70,61)
(70,14)
(14,18)
(35,18)
(35,41)
(38,41)
(38,28)
(83,28)
true
