Time taken = 10ms
(82,46)
(52,46)
(52,62)
(3,62)
(3,46)
(48,46)
(48,18)
(95,18)
(95,81)
(28,81)
(80,28)
(80,97)
(97,10)
(92,10)
(92,17)
(91,17)
(73,91)
(73,35)
(32,35)
(32,12)
(66,12)
(66,27)
(27,70)
(70,53)
(53,62)
(59,62)
(59,21)
(9,21)
(9,86)
(86,97)
(95,97)
(95,44)
(75,44)
(75,23)
(85,23)
(85,45)
(72,45)
(72,40)
(43,40)
(51,43)
(22,51)
(22,79)
(38,79)
(30,38)
(30,55)
(88,55)
(73,88)
(73,75)
(75,39)
(39,21)
(49,21)
(49,89)
(89,76)
(5,76)
(98,5)
(15,98)
(15,11)
(90,11)
(90,79)
(96,79)
(78,96)
(78,25)
(56,25)
(3,56)
(3,37)
(33,37)
(63,33)
(63,20)
(20,86)
(54,86)
(82,54)
(43,10)
(65,10)
(65,64)
(64,69)
(28,69)
(28,4)
(14,4)
(14,80)
(80,84)
(76,84)
(68,76)
(68,67)
(72,67)
(72,55)
(74,55)
(74,40)
(66,40)
(66,38)
(59,38)
(59,3)
(3,27)
(27,87)
(13,87)
(12,13)
(12,1)
(1,36)
(37,36)
(12,37)
(83,12)
(78,83)
(78,24)
(13,24)
(13,79)
(57,79)
(18,57)
(19,18)
(93,19)
(93,17)
(12,17)
(71,12)
(71,51)
(75,51)
(75,16)
(32,16)
(32,6)
(50,6)
(50,42)
(31,42)
(31,26)
(21,26)
(82,21)
(82,12)
(12,81)
(7,81)
(7,19)
(31,19)
(31,77)
(77,79)
(73,79)
(73,25)
(83,25)
(83,87)
(26,87)
(12,26)
(12,46)
(46,79)
(34,79)
(7,34)
(7,88)
(94,88)
(94,80)
(56,80)
(56,84)
(81,84)
(98,81)
(8,98)
(8,74)
(75,74)
(75,79)
(8,79)
(8,61)
(85,61)
(85,28)
(47,28)
(47,100)
(72,100)
(72,15)
(58,15)
(58,67)
(14,67)
(14,93)
(93,45)
(45,16)
(70,16)
(64,70)
(64,85)
(85,22)
(22,5)
(82,5)
(82,79)
(68,79)
(68,29)
(39,29)
(39,12)
(12,18)
(80,18)
(80,91)
(91,79)
(61,79)
(37,61)
(37,60)
(60,76)
(49,76)
(49,6)
(37,6)
(74,37)
(74,62)
(48,62)
(48,70)
(70,57)
(64,57)
(64,55)
(42,55)
(9,42)
(9,30)
(88,30)
(88,60)
(83,60)
(83,24)
(24,87)
(62,87)
(7,62)
(7,55)
(29,55)
(29,12)
(47,12)
(47,99)
(65,99)
(65,61)
(89,61)
(88,89)
(88,57)
(33,57)
(27,33)
(27,11)
(70,11)
(56,70)
(56,8)
(80,8)
(80,60)
(60,11)
(11,35)
(52,35)
(25,52)
(49,25)
(49,100)
(54,100)
(88,54)
(88,36)
(90,36)
(90,55)
(55,6)
(31,6)
(31,37)
(37,10)
(56,10)
(56,44)
(41,44)
(41,12)
(2,12)
(2,98)
(3,98)
(94,3)
(94,20)
(58,20)
(58,2)
(75,2)
(75,81)
(34,81)
(43,34)
(72,79)
(94,79)
(94,97)
(97,43)
(64,43)
(64,84)
(51,84)
(28,51)
(70,28)
(70,12)
(67,12)
(67,45)
(32,45)
(32,76)
(25,76)
(7,25)
(7,46)
(78,46)
(78,50)
(72,50)
(20,37)
(37,99)
(68,99)
(68,7)
(7,28)
(28,10)
(21,10)
(21,61)
(61,6)
(20,6)
(83,64)
(14,64)
(14,44)
(49,44)
(49,82)
(82,43)
(47,43)
(47,51)
(74,51)
(48,74)
(48,36)
(26,36)
(26,81)
(63,81)
(63,46)
(39,46)
(39,34)
(13,34)
(9,13)
(9,55)
(50,55)
(80,50)
(80,11)
(97,11)
(58,97)
(58,36)
(99,36)
(23,99)
(23,53)
(53,44)
(69,44)
(33,69)
(70,33)
(70,76)
(12,76)
(27,12)
(27,69)
(15,69)
(66,15)
(66,95)
(95,33)
(32,33)
(32,5)
(4,5)
(4,77)
(73,77)
(73,17)
(17,36)
(12,36)
(12,86)
(58,86)
(58,96)
(41,96)
(78,41)
(48,78)
(48,38)
(49,38)
(49,70)
(70,87)
(98,87)
(58,98)
(58,33)
(33,77)
(38,77)
(38,10)
(72,10)
(72,97)
(57,97)
(83,57)
(93,79)
(47,79)
(39,47)
(39,52)
(52,40)
(10,40)
(47,10)
(47,97)
(97,79)
(65,79)
(65,36)
(94,36)
(94,12)
(100,12)
(100,51)
(93,51)
(4,20)
(12,20)
(28,12)
(73,28)
(73,8)
(32,8)
(32,21)
(41,21)
(41,76)
(54,76)
(54,22)
(72,22)
(31,72)
(31,95)
(95,22)
(22,87)
(67,87)
(67,15)
(15,99)
(3,99)
(3,87)
(87,17)
(30,17)
(30,18)
(85,18)
(85,12)
(12,53)
(93,53)
(93,49)
(49,22)
(22,35)
(35,44)
(65,44)
(65,55)
(28,55)
(64,28)
(64,74)
(74,61)
(53,61)
(94,53)
(94,5)
(71,5)
(92,71)
(92,12)
(48,12)
(48,43)
(52,43)
(28,52)
(28,26)
(14,26)
(14,88)
(88,22)
(48,22)
(48,82)
(82,34)
(91,34)
(56,91)
(56,83)
(83,76)
(21,76)
(12,21)
(74,12)
(66,74)
(66,1)
(89,1)
(31,89)
(31,13)
(70,13)
(39,70)
(95,39)
(95,46)
(38,46)
(38,60)
(9,60)
(66,9)
(66,85)
(14,85)
(14,56)
(78,56)
(78,86)
(88,86)
(59,88)
(94,59)
(94,69)
(80,69)
(80,90)
(96,90)
(56,96)
(92,56)
(92,54)
(54,26)
(26,89)
(89,79)
(100,79)
(100,21)
(21,34)
(77,34)
(77,1)
(58,1)
(58,12)
(12,60)
(78,60)
(78,32)
(82,32)
(82,9)
(9,5)
(73,5)
(73,70)
(83,70)
(83,30)
(30,22)
(63,22)
(63,16)
(16,40)
(65,40)
(65,12)
(12,35)
(37,35)
(37,87)
(87,42)
(57,42)
(93,57)
(93,43)
(80,43)
(80,53)
(50,53)
(73,50)
(73,15)
(2,15)
(65,2)
(65,74)
(74,46)
(46,35)
(9,35)
(9,1)
(1,79)
(25,79)
(12,25)
(12,38)
(62,38)
(12,62)
(19,12)
(19,11)
(75,11)
(48,75)
(48,72)
(72,69)
(69,20)
(100,20)
(100,26)
(58,26)
(58,4)
(70,52)
(74,52)
(74,77)
(99,77)
(28,99)
(28,67)
(67,90)
(90,76)
(40,76)
(62,40)
(25,62)
(25,86)
(29,86)
(63,29)
(63,76)
(82,76)
(82,91)
(12,91)
(31,12)
(31,10)
(41,10)
(41,19)
(95,19)
(95,51)
(51,60)
(47,60)
(47,35)
(78,35)
(78,3)
(3,23)
(23,46)
(93,46)
(93,12)
(12,55)
(73,55)
(41,73)
(41,74)
(74,60)
(60,90)
(12,90)
(30,12)
(30,21)
(21,89)
(12,89)
(12,15)
(56,15)
(56,2)
(2,11)
(12,11)
(12,97)
(83,97)
(95,83)
(95,61)
(12,61)
(12,45)
(3,45)
(3,65)
(65,96)
(96,12)
(12,42)
(42,35)
(13,35)
(13,51)
(39,51)
(58,39)
(58,94)
(94,25)
(96,25)
(59,96)
(59,12)
(12,99)
(17,99)
(17,35)
(67,35)
(31,67)
(31,22)
(22,38)
(4,38)
(64,4)
(88,64)
(88,12)
(12,6)
(18,6)
(64,18)
(64,24)
(28,24)
(92,28)
(92,90)
(54,90)
(54,19)
(19,79)
(70,79)
(92,97)
(29,97)
(29,26)
(19,26)
(19,81)
(57,81)
(15,57)
(30,15)
(30,99)
(99,79)
(63,79)
(63,40)
(56,40)
(68,56)
(68,61)
(61,81)
(60,81)
(60,55)
(93,55)
(93,52)
(3,52)
(3,91)
(32,91)
(32,87)
(75,87)
(75,24)
(18,24)
(18,86)
(13,86)
(21,13)
(93,21)
(93,95)
(95,12)
(12,16)
(3,16)
(3,32)
(39,32)
(48,39)
(14,48)
(14,51)
(30,51)
(85,30)
(7,85)
(7,8)
(8,37)
(37,38)
(100,38)
(100,97)
(75,97)
(75,62)
(27,62)
(96,27)
(49,96)
(49,77)
(77,44)
(12,44)
(78,12)
(78,8)
(8,97)
(56,97)
(73,56)
(73,22)
(22,53)
(53,42)
(8,42)
(88,8)
(88,70)
(14,70)
(14,9)
(9,12)
(12,69)
(7,69)
(66,7)
(66,84)
(22,84)
(12,22)
(23,12)
(23,18)
(18,13)
(66,13)
(66,4)
(95,4)
(95,79)
(59,79)
(59,40)
(12,40)
(12,98)
(98,79)
(33,79)
(33,52)
(19,52)
(19,69)
(85,69)
(85,90)
(32,90)
(32,97)
(97,81)
(90,81)
(56,90)
(56,27)
(27,77)
(66,77)
(66,20)
(20,5)
(67,5)
(82,67)
(82,83)
(83,89)
(41,89)
(41,24)
(20,24)
(18,20)
(8,18)
(8,12)
(12,10)
(29,10)
(29,79)
(85,79)
(85,99)
(99,11)
(73,11)
(94,73)
(94,1)
(64,1)
(64,12)
(80,12)
(80,36)
(2,36)
(78,2)
(78,55)
(77,55)
(25,77)
(25,46)
(84,46)
(12,84)
(12,77)
(13,77)
(14,13)
(14,30)
(72,30)
(72,47)
(94,47)
(94,63)
(63,6)
(9,6)
(41,9)
(41,80)
(80,24)
(15,24)
(15,20)
(20,77)
(23,77)
(23,1)
(50,1)
(50,17)
(88,17)
(88,79)
(67,79)
(7,67)
(7,12)
(12,51)
(51,36)
(87,36)
(63,87)
(63,25)
(25,84)
(21,84)
(21,86)
(70,86)
(2,70)
(2,76)
(20,76)
(82,20)
(58,82)
(58,48)
(48,81)
(56,81)
(56,12)
(49,12)
(49,54)
(54,35)
(21,35)
(64,21)
(63,64)
(63,12)
(33,12)
(33,84)
(95,84)
(95,75)
(75,27)
(27,43)
(12,43)
(12,52)
(52,44)
(34,44)
(74,34)
(74,6)
(62,6)
(15,62)
(100,15)
(100,57)
(57,36)
(47,36)
(56,47)
(56,50)
(48,50)
(48,65)
(65,17)
(29,17)
(29,45)
(45,37)
(37,44)
(31,44)
(31,97)
(96,97)
(96,86)
(89,86)
(82,89)
(82,90)
(37,90)
(70,37)
(70,50)
(50,10)
(18,10)
(59,18)
(59,49)
(49,46)
(53,46)
(7,53)
(7,79)
(28,79)
(88,28)
(88,40)
(83,40)
(83,80)
(80,26)
(26,97)
(41,97)
(41,69)
(47,69)
(47,74)
(3,74)
(31,3)
(31,1)
(51,1)
(58,51)
(58,72)
(82,72)
(92,82)
(98,90)
(64,90)
(64,6)
(13,6)
(63,13)
(63,98)
(71,61)
(75,61)
(75,35)
(84,35)
(52,84)
(21,52)
(80,21)
(63,80)
(3,63)
(3,12)
(12,57)
(71,57)
(8,99)
(19,99)
(19,22)
(22,34)
(83,34)
(83,69)
(75,69)
(78,75)
(78,9)
(9,46)
(86,46)
(15,86)
(96,15)
(88,96)
(88,11)
(11,79)
(26,79)
(92,26)
(92,4)
(4,1)
(95,1)
(95,29)
(29,36)
(22,36)
(45,22)
(45,25)
(14,25)
(14,8)
(95,62)
(63,62)
(63,32)
(32,89)
(89,91)
(5,91)
(5,99)
(66,99)
(66,100)
(100,89)
(96,89)
(92,96)
(92,44)
(82,44)
(82,4)
(73,4)
(73,30)
(64,30)
(64,77)
(30,77)
(30,91)
(59,91)
(59,27)
(58,27)
(58,87)
(2,87)
(71,2)
(71,19)
(19,76)
(97,76)
(97,61)
(59,61)
(59,36)
(69,36)
(4,69)
(4,37)
(59,37)
(59,74)
(94,74)
(94,43)
(29,43)
(73,29)
(73,12)
(54,12)
(54,21)
(21,55)
(86,55)
(86,11)
(11,6)
(52,6)
(14,52)
(14,79)
(44,79)
(28,44)
(27,28)
(27,5)
(5,60)
(41,60)
(41,3)
(3,71)
(68,71)
(68,18)
(2,18)
(2,29)
(29,6)
(88,6)
(88,81)
(70,81)
(70,51)
(51,79)
(45,79)
(19,45)
(19,20)
(20,79)
(42,79)
(73,42)
(73,34)
(12,34)
(12,87)
(45,87)
(65,45)
(65,46)
(31,46)
(92,31)
(92,85)
(85,44)
(55,44)
(8,55)
(8,67)
(67,61)
(43,61)
(70,43)
(70,69)
(82,69)
(66,82)
(66,49)
(49,20)
(72,20)
(72,12)
(12,50)
(50,98)
(98,13)
(30,13)
(95,30)
(58,74)
(74,5)
(12,5)
(12,24)
(25,24)
(93,25)
(93,28)
(28,19)
(19,33)
(80,33)
(80,19)
(19,21)
(21,20)
(22,20)
(32,22)
(32,38)
(58,38)
(40,44)
(25,44)
(47,25)
(63,47)
(63,82)
(82,87)
(87,40)
(68,12)
(4,12)
(4,36)
(36,79)
(15,79)
(75,15)
(75,12)
(14,12)
(14,23)
(23,22)
(82,22)
(82,74)
(74,43)
(68,43)
(29,1)
(78,1)
(78,29)
true
